[34m[1mwandb: [0mInstall Weights & Biases for YOLOR logging with 'pip install wandb' (recommended)

[34m[1mautoanchor: [0mAnalyzing anchors... anchors/target = 3.69, Best Possible Recall (BPR) = 1.0000
                 all         141         141       0.255     0.00676     0.00112    0.000171
                 all         141         141    0.000989      0.0635    0.000443    8.13e-05
                 all         141         141    0.000788        0.27    0.000334    5.43e-05
                 all         141         141     0.00148      0.0265    0.000708     0.00011
                 all         141         141     0.00241      0.0831     0.00122    0.000318
                 all         141         141     0.00562      0.0265     0.00203    0.000509
                 all         141         141      0.0061       0.098     0.00236    0.000779
                 all         141         141     0.00433      0.0728     0.00194    0.000396
                 all         141         141      0.0107       0.102     0.00447     0.00156
                 all         141         141     0.00674       0.115     0.00319       0.001
                 all         141         141      0.0119      0.0462      0.0043     0.00148
                 all         141         141      0.0157      0.0612      0.0063     0.00207
                 all         141         141      0.0185       0.096     0.00821     0.00247
                 all         141         141      0.0181       0.156        0.01     0.00307
                 all         141         141       0.033      0.0969      0.0159     0.00509
                 all         141         141      0.0372       0.178       0.031      0.0074
                 all         141         141      0.0896      0.0778      0.0442      0.0127
                 all         141         141      0.0864      0.0916      0.0679      0.0173
                 all         141         141      0.0898       0.174      0.0895      0.0273
                 all         141         141       0.123       0.199      0.0978        0.03
                 all         141         141       0.181       0.202       0.145      0.0436
                 all         141         141       0.225       0.264       0.184      0.0616
                 all         141         141       0.212       0.281       0.223       0.081
                 all         141         141       0.185       0.348       0.237      0.0755
                 all         141         141       0.234       0.345       0.259      0.0941
                 all         141         141       0.523       0.358       0.303       0.123
                 all         141         141         0.6       0.367        0.34       0.133
                 all         141         141       0.726       0.359       0.365       0.136
                 all         141         141       0.488        0.45       0.417       0.162
                 all         141         141       0.614       0.457       0.468       0.217
                 all         141         141       0.581       0.484       0.502       0.215
                 all         141         141       0.566       0.528       0.539       0.229
                 all         141         141       0.607       0.542       0.564        0.27
                 all         141         141       0.606       0.621       0.592       0.268
                 all         141         141       0.646       0.582       0.597       0.279
                 all         141         141       0.638       0.621       0.615       0.299
                 all         141         141       0.644       0.647       0.629       0.297
                 all         141         141       0.775        0.57       0.646       0.316
                 all         141         141       0.735       0.656       0.674       0.307
                 all         141         141       0.749       0.636       0.664       0.293
                 all         141         141       0.789       0.675       0.699       0.328
                 all         141         141       0.814       0.662       0.702       0.314
                 all         141         141       0.763       0.681       0.707       0.325
                 all         141         141       0.761        0.69       0.713       0.355
                 all         141         141       0.769       0.693       0.727       0.366
                 all         141         141       0.812       0.657       0.738       0.343
                 all         141         141       0.754       0.692       0.728       0.363
                 all         141         141       0.736       0.762       0.761       0.349
                 all         141         141       0.722       0.769       0.758       0.358
                 all         141         141       0.736       0.744       0.747       0.366
                 all         141         141        0.71       0.693       0.708       0.309
                 all         141         141        0.72       0.786       0.762       0.365
                 all         141         141       0.716       0.797       0.753       0.406
                 all         141         141       0.745       0.817       0.782       0.426
                 all         141         141       0.692       0.802       0.752       0.387
                 all         141         141       0.765       0.816       0.811       0.403
                 all         141         141        0.75       0.802       0.785       0.426
                 all         141         141       0.738       0.798       0.772       0.402
                 all         141         141       0.774       0.785       0.783         0.4
                 all         141         141        0.78       0.798       0.794       0.414
                 all         141         141       0.742       0.742       0.753       0.417
                 all         141         141       0.768       0.786       0.784       0.401
                 all         141         141       0.763       0.728       0.769       0.383
                 all         141         141       0.743       0.739       0.771       0.414
                 all         141         141        0.69       0.802       0.775       0.439
                 all         141         141       0.721       0.779       0.782       0.409
                 all         141         141       0.778       0.807       0.807       0.426
                 all         141         141       0.757       0.819       0.799       0.441
                 all         141         141       0.786       0.772       0.794       0.453
                 all         141         141       0.797       0.793       0.818        0.45
                 all         141         141       0.844       0.763        0.82       0.421
                 all         141         141       0.773       0.823       0.813       0.468
                 all         141         141       0.823       0.765       0.815       0.424
                 all         141         141       0.856       0.744       0.823       0.469
                 all         141         141       0.852       0.753        0.82       0.464
                 all         141         141       0.768       0.837       0.821       0.439
                 all         141         141       0.784       0.838       0.823       0.449
                 all         141         141       0.867       0.774       0.841       0.439
                 all         141         141       0.814       0.866       0.853       0.452
                 all         141         141       0.811       0.851       0.839       0.484
                 all         141         141       0.797       0.825       0.819        0.46
                 all         141         141       0.805       0.833       0.826       0.466
                 all         141         141       0.814        0.83        0.82       0.474
                 all         141         141       0.809       0.831       0.819       0.445
                 all         141         141       0.811        0.83       0.827       0.476
                 all         141         141       0.867        0.79       0.825       0.471
                 all         141         141       0.799       0.844       0.843       0.448
                 all         141         141       0.859        0.84       0.866       0.497
                 all         141         141       0.862       0.865       0.866       0.469
                 all         141         141       0.863       0.874       0.873       0.476
                 all         141         141       0.843       0.867        0.85       0.487
                 all         141         141       0.838       0.872       0.855       0.446
                 all         141         141       0.856       0.882       0.865       0.478
                 all         141         141        0.86       0.842       0.855       0.471
                 all         141         141       0.866       0.845       0.857       0.437
                 all         141         141       0.861       0.896       0.882       0.518
                 all         141         141       0.886       0.903       0.904       0.519
                 all         141         141       0.893       0.867       0.889       0.493
                 all         141         141       0.893       0.875       0.889       0.476
                 all         141         141       0.884       0.864        0.88       0.476
                 all         141         141       0.877       0.871       0.879       0.504
                 all         141         141       0.895       0.858       0.882       0.495
                 all         141         141       0.895        0.86       0.878       0.505
                 all         141         141       0.889       0.859       0.902       0.521
                 all         141         141       0.872       0.865       0.892       0.505
                 all         141         141       0.911       0.805       0.856       0.487
                 all         141         141       0.893       0.798        0.84       0.483
                 all         141         141       0.905       0.791       0.848       0.503
                 all         141         141       0.875       0.817       0.848       0.497
                 all         141         141       0.913       0.859       0.908       0.522
                 all         141         141       0.911       0.842       0.893       0.498
                 all         141         141       0.856       0.876       0.884       0.508
                 all         141         141       0.919       0.871       0.908       0.493
                 all         141         141       0.902       0.898       0.915       0.525
                 all         141         141       0.873       0.865       0.879       0.497
                 all         141         141       0.903       0.858       0.901       0.512
                 all         141         141       0.878       0.864       0.868       0.505
                 all         141         141       0.876       0.868       0.873       0.514
                 all         141         141       0.928       0.914       0.937        0.53
                 all         141         141       0.927       0.899       0.937       0.553
                 all         141         141       0.912       0.902        0.92       0.513
                 all         141         141       0.924       0.892       0.912       0.513
                 all         141         141       0.955       0.899       0.956       0.556
                 all         141         141       0.965       0.899       0.958       0.556
                 all         141         141       0.958       0.884       0.929       0.515
                 all         141         141       0.938       0.888       0.933       0.516
                 all         141         141       0.945       0.861       0.918       0.495
                 all         141         141       0.938       0.874       0.927       0.513
                 all         141         141       0.911       0.894       0.916       0.479
                 all         141         141       0.917       0.881       0.916       0.484
                 all         141         141       0.939       0.913        0.96       0.519
                 all         141         141       0.961       0.892       0.959       0.521
                 all         141         141       0.961       0.899       0.962       0.542
                 all         141         141       0.957       0.899       0.957       0.552
                 all         141         141       0.931       0.892       0.936       0.493
                 all         141         141        0.95       0.905       0.962       0.541
                 all         141         141       0.949       0.906       0.959       0.496
                 all         141         141       0.938       0.893       0.934       0.526
                 all         141         141       0.916       0.886       0.916         0.5
                 all         141         141       0.955       0.906       0.957       0.533
                 all         141         141       0.953       0.899        0.95       0.495
                 all         141         141        0.95       0.901       0.948       0.533
                 all         141         141       0.968       0.913       0.958       0.558
                 all         141         141       0.952       0.896       0.949       0.575
                 all         141         141       0.951       0.896       0.947       0.532
                 all         141         141        0.95       0.905       0.951       0.525
                 all         141         141       0.977       0.913       0.972       0.567
                 all         141         141       0.977       0.914       0.971       0.573
                 all         141         141        0.96       0.908       0.955       0.557
                 all         141         141       0.948       0.923       0.967       0.541
                 all         141         141       0.972       0.913       0.962       0.542
                 all         141         141       0.972       0.911       0.961       0.513
                 all         141         141       0.951       0.918       0.951       0.531
                 all         141         141       0.946       0.919       0.948       0.558
                 all         141         141       0.962       0.911       0.954       0.545
                 all         141         141       0.937       0.934       0.958       0.555
                 all         141         141       0.925       0.922       0.948       0.538
                 all         141         141       0.949       0.908       0.943       0.534
                 all         141         141       0.954        0.91       0.951        0.52
                 all         141         141       0.979       0.929       0.969       0.561
                 all         141         141       0.962       0.923       0.956       0.545
                 all         141         141       0.982       0.918       0.969       0.542
                 all         141         141       0.955       0.906       0.955       0.553
                 all         141         141       0.966       0.907       0.954       0.503
                 all         141         141       0.947       0.912       0.946        0.54
                 all         141         141        0.95       0.921       0.954       0.543
                 all         141         141       0.926       0.901       0.919       0.544
                 all         141         141        0.96       0.928        0.96        0.56
                 all         141         141       0.927       0.899       0.929       0.541
                 all         141         141       0.935       0.909       0.937       0.547
                 all         141         141       0.942       0.912       0.947       0.561
                 all         141         141       0.947       0.921       0.956       0.544
                 all         141         141       0.952       0.908       0.948       0.539
                 all         141         141       0.956       0.923       0.959       0.556
                 all         141         141       0.956       0.923        0.96       0.536
                 all         141         141       0.971       0.928       0.967       0.559
                 all         141         141       0.951       0.931       0.967       0.566
                 all         141         141       0.939       0.933       0.966       0.513
                 all         141         141       0.986       0.904       0.965       0.555
                 all         141         141        0.99       0.903       0.967        0.56
                 all         141         141        0.97       0.914       0.963       0.547
                 all         141         141       0.968       0.905       0.949       0.545
                 all         141         141       0.973       0.914       0.961       0.586
                 all         141         141       0.973       0.913       0.959       0.564
                 all         141         141       0.957         0.9        0.94        0.57
                 all         141         141       0.945       0.901       0.944       0.544
                 all         141         141       0.939       0.927        0.96       0.559
                 all         141         141       0.965       0.915       0.963       0.552
                 all         141         141       0.951       0.922       0.958       0.559
                 all         141         141       0.942        0.92       0.947       0.544
                 all         141         141       0.968       0.883       0.944       0.548
                 all         141         141       0.974       0.897       0.958       0.551
                 all         141         141       0.969       0.901       0.955       0.539
                 all         141         141       0.973       0.901       0.955       0.566
                 all         141         141       0.983       0.894       0.958       0.541
                 all         141         141       0.961       0.898       0.946       0.563
                 all         141         141       0.978       0.908       0.964       0.567
                 all         141         141       0.965       0.901       0.959       0.564
                 all         141         141       0.949       0.939       0.967       0.569
                 all         141         141       0.942       0.934       0.956       0.567
                 all         141         141       0.938       0.934       0.956       0.572
                 all         141         141        0.94        0.93       0.955       0.556
                 all         141         141        0.96        0.94       0.968       0.565
                 all         141         141       0.948       0.934       0.963        0.56
                 all         141         141       0.942        0.93       0.962       0.557
                 all         141         141       0.928       0.927       0.955       0.575
                 all         141         141       0.942       0.918       0.962        0.58
                 all         141         141       0.968       0.894       0.962       0.566
                 all         141         141       0.953        0.92       0.974       0.567
                 all         141         141       0.952       0.921       0.976       0.561
                 all         141         141       0.976       0.894       0.974       0.561
                 all         141         141       0.962       0.902       0.972       0.589
                 all         141         141       0.952       0.919       0.972       0.567
                 all         141         141        0.94       0.926       0.964       0.565
                 all         141         141       0.942       0.926       0.965        0.55
                 all         141         141       0.969       0.894       0.962       0.561
                 all         141         141       0.971       0.895       0.973       0.577
                 all         141         141       0.896       0.966       0.974       0.566
                 all         141         141       0.951       0.898       0.966        0.56
                 all         141         141        0.96       0.889       0.967       0.586
                 all         141         141       0.955       0.898       0.967        0.55
                 all         141         141       0.952       0.899       0.962       0.563
                 all         141         141        0.95       0.889       0.949       0.542
                 all         141         141        0.97       0.903       0.966        0.55
                 all         141         141       0.961       0.895       0.956       0.565
                 all         141         141       0.934        0.92       0.952       0.549
                 all         141         141       0.944       0.927       0.965        0.56
                 all         141         141       0.939         0.9       0.943       0.559
                 all         141         141       0.942       0.927       0.972       0.553
                 all         141         141       0.938       0.928       0.968       0.552
                 all         141         141       0.912       0.922       0.949       0.547
                 all         141         141       0.912       0.914       0.938       0.521
                 all         141         141       0.919       0.926       0.954       0.569
                 all         141         141       0.968       0.892       0.967       0.566
                 all         141         141       0.927       0.942       0.977       0.579
                 all         141         141       0.927       0.942       0.976       0.592
                 all         141         141       0.933       0.928       0.973        0.57
                 all         141         141       0.934       0.929       0.971       0.578
                 all         141         141        0.96       0.894       0.965       0.571
                 all         141         141       0.949       0.904       0.966       0.574
                 all         141         141       0.948       0.905       0.965       0.567
                 all         141         141       0.901       0.916       0.941       0.559
                 all         141         141       0.932         0.9       0.956       0.569
                 all         141         141       0.944       0.906       0.961       0.557
                 all         141         141       0.947       0.905       0.961       0.576
                 all         141         141       0.947       0.899       0.957        0.55
                 all         141         141       0.904        0.95       0.963       0.586
                 all         141         141       0.944       0.908       0.963        0.55
                 all         141         141       0.958       0.908       0.964        0.56
                 all         141         141       0.952       0.901       0.965       0.557
                 all         141         141       0.948       0.908       0.964       0.555
                 all         141         141        0.95       0.909        0.96       0.543
                 all         141         141       0.953       0.908       0.966       0.573
                 all         141         141       0.954       0.907       0.962       0.557
                 all         141         141       0.944       0.899       0.957       0.566
                 all         141         141       0.913       0.941       0.968       0.579
                 all         141         141       0.955       0.906       0.967       0.571
                 all         141         141       0.959       0.905        0.97       0.568
                 all         141         141       0.963       0.905       0.964       0.577
                 all         141         141       0.967       0.904       0.965       0.579
                 all         141         141       0.964       0.904       0.961       0.575
                 all         141         141       0.964       0.905       0.965       0.582
                 all         141         141       0.964       0.905       0.962       0.579
                 all         141         141       0.954       0.898       0.955       0.594
                 all         141         141       0.938       0.908       0.953       0.567
                 all         141         141        0.94       0.907       0.955       0.572
                 all         141         141       0.925       0.918       0.955       0.557
                 all         141         141       0.976       0.889       0.958       0.566
                 all         141         141       0.975       0.889        0.96        0.54
                 all         141         141       0.977       0.889       0.956       0.552
                 all         141         141       0.958       0.909       0.958       0.563
                 all         141         141       0.964       0.908       0.956       0.568
                 all         141         141       0.963       0.908       0.957       0.561
                 all         141         141       0.944       0.917       0.954       0.572
                 all         141         141        0.97       0.893       0.957       0.568
                 all         141         141       0.944       0.907       0.955       0.562
                 all         141         141       0.935       0.916       0.954       0.561
                 all         141         141       0.938       0.916       0.952        0.56
                 all         141         141       0.954       0.929       0.969       0.585
                 all         141         141       0.936       0.916        0.95       0.565
                 all         141         141       0.938       0.915       0.949       0.554
                 all         141         141       0.939       0.915       0.948       0.575
                 all         141         141       0.942       0.915        0.95       0.574
                 all         141         141       0.945       0.912       0.949       0.572
                 all         141         141       0.953       0.912        0.95       0.582
                 all         141         141       0.951       0.912        0.95       0.566
                 all         141         141       0.951       0.912        0.95       0.572
                 all         141         141       0.943       0.913       0.952       0.576
                 all         141         141       0.951       0.913       0.951       0.576
                 all         141         141        0.95       0.913       0.949        0.57
                 all         141         141       0.938       0.924       0.952       0.573
                 all         141         141        0.95       0.915       0.951       0.578
                 all         141         141       0.949       0.916       0.952       0.591
                 all         141         141       0.949       0.922        0.95       0.574
                 all         141         141       0.949       0.924       0.952        0.57
                 all         141         141        0.95       0.922       0.951       0.583
                 all         141         141       0.949        0.93       0.954        0.57
                 all         141         141       0.949        0.93       0.953       0.576
                 all         141         141       0.951        0.92       0.957       0.567
                 all         141         141       0.957       0.927       0.962       0.585
                 all         141         141       0.947       0.924       0.952       0.579
                 all         141         141       0.946       0.924       0.952       0.571
                 all         141         141       0.945       0.924       0.952       0.577
                 all         141         141       0.952       0.931       0.966       0.577
                 all         141         141       0.935       0.944       0.964       0.587
                 all         141         141       0.935       0.944       0.967       0.581
                 all         141         141       0.934       0.949       0.967       0.576
                 all         141         141       0.943       0.938       0.962        0.57
                 all         141         141       0.935       0.932        0.95       0.572
                 all         141         141       0.941        0.94       0.962       0.581
                 all         141         141       0.939       0.939       0.963       0.575
                 all         141         141        0.97       0.917       0.963       0.579
                 all         141         141       0.942       0.953       0.968       0.579
                 all         141         141       0.933       0.959       0.966       0.575
                 all         141         141       0.941       0.964       0.975       0.577
                 all         141         141       0.942       0.965       0.975        0.59
                 all         141         141       0.934       0.962       0.974       0.572
                 all         141         141       0.941       0.962       0.975       0.578
                 all         141         141        0.95       0.951       0.975       0.575
                 all         141         141       0.939       0.965       0.973       0.576
                 all         141         141        0.94       0.954       0.965       0.574
                 all         141         141       0.953       0.923       0.959       0.585
                 all         141         141       0.953       0.922        0.96       0.578
                 all         141         141       0.952       0.912        0.96       0.573
                 all         141         141       0.947       0.924       0.962       0.567
                 all         141         141       0.941       0.932       0.962       0.578
                 all         141         141       0.937       0.939       0.964       0.587
                 all         141         141       0.942       0.938       0.965       0.583
                 all         141         141       0.958       0.921       0.965       0.582
                 all         141         141        0.97       0.913       0.963       0.581
                 all         141         141       0.941        0.95       0.969       0.579
                 all         141         141       0.953       0.931       0.968        0.58
                 all         141         141       0.947       0.953       0.974       0.585
                 all         141         141       0.944        0.95       0.972       0.586
                 all         141         141       0.953       0.939       0.969        0.58
                 all         141         141       0.962       0.935       0.973       0.581
                 all         141         141       0.951       0.946       0.974       0.588
                 all         141         141       0.951       0.939       0.967        0.58
                 all         141         141       0.953       0.939       0.967       0.578
                 all         141         141       0.949       0.939       0.967       0.581
                 all         141         141       0.954       0.929       0.966       0.588
                 all         141         141       0.952       0.931       0.968        0.59
                 all         141         141       0.929       0.952       0.966       0.585
                 all         141         141       0.949       0.951       0.977       0.602
                 all         141         141       0.946       0.951        0.98       0.585
                 all         141         141       0.947       0.957        0.98       0.584
                 all         141         141       0.954        0.96       0.982       0.583
                 all         141         141       0.958       0.949       0.976       0.575
                 all         141         141       0.957       0.949       0.976        0.59
                 all         141         141       0.955        0.95       0.977        0.58
                 all         141         141       0.953       0.942       0.962       0.585
                 all         141         141        0.94       0.932       0.953       0.573
                 all         141         141       0.945       0.939       0.966       0.581
                 all         141         141       0.941       0.928       0.965       0.574
                 all         141         141       0.941       0.929       0.958       0.575
                 all         141         141       0.954       0.921       0.958       0.577
                 all         141         141       0.953       0.931       0.964       0.569
                 all         141         141       0.951       0.932       0.964       0.567
                 all         141         141       0.964       0.941       0.977       0.575
                 all         141         141       0.951       0.952       0.975       0.579
                 all         141         141       0.952       0.939       0.975       0.587
                 all         141         141       0.949       0.944       0.971       0.582
                 all         141         141       0.942       0.939       0.966       0.576
                 all         141         141       0.955       0.946       0.974       0.586
                 all         141         141       0.953       0.937       0.966       0.568
                 all         141         141       0.951        0.94       0.965       0.585
                 all         141         141       0.952        0.94       0.969       0.581
                 all         141         141       0.953        0.94       0.967       0.574
                 all         141         141       0.957       0.936       0.963       0.571
                 all         141         141       0.953        0.93       0.959       0.581
                 all         141         141       0.963       0.938        0.97       0.578
                 all         141         141       0.963       0.936       0.968        0.58
                 all         141         141       0.961        0.94       0.974       0.587
                 all         141         141        0.96       0.941       0.972       0.581
                 all         141         141        0.96        0.94       0.976       0.579
                 all         141         141        0.96       0.948       0.978       0.582
                 all         141         141        0.96        0.94       0.974        0.59
                 all         141         141       0.963       0.936       0.975       0.582
                 all         141         141       0.961       0.937       0.976       0.579
                 all         141         141       0.957       0.942       0.974       0.573
                 all         141         141       0.951       0.932       0.966        0.57
                 all         141         141       0.953       0.931       0.965       0.574
                 all         141         141       0.953       0.933       0.965        0.58
                 all         141         141       0.953       0.933       0.961       0.575
                 all         141         141        0.96        0.94       0.969       0.584
                 all         141         141       0.952       0.932       0.958       0.564
                 all         141         141        0.96       0.936        0.97       0.571
                 all         141         141        0.96       0.935        0.97       0.579
                 all         141         141       0.959       0.937        0.97        0.58
                 all         141         141       0.952        0.93       0.961       0.582
                 all         141         141       0.952       0.932       0.962        0.58
                 all         141         141       0.953       0.932       0.962       0.598
                 all         141         141       0.955       0.932       0.967       0.584
                 all         141         141       0.962       0.939       0.976       0.579
                 all         141         141       0.968       0.932       0.976       0.582
                 all         141         141       0.971       0.932       0.976       0.581
                 all         141         141       0.972       0.932       0.976       0.586
                 all         141         141       0.946       0.962       0.978        0.58
                 all         141         141       0.976       0.949       0.985        0.58
                 all         141         141       0.975        0.95       0.985       0.595
                 all         141         141        0.94       0.957       0.969       0.584
                 all         141         141        0.95       0.955       0.968        0.58
                 all         141         141        0.95       0.956       0.969       0.588
                 all         141         141        0.95       0.954       0.971       0.596
                 all         141         141       0.961       0.937        0.97       0.582
                 all         141         141       0.972       0.926       0.969       0.597
                 all         141         141       0.969       0.921       0.967       0.584
                 all         141         141       0.968       0.921       0.966       0.589
                 all         141         141        0.97       0.921       0.966       0.574
                 all         141         141       0.945       0.958       0.973       0.577
                 all         141         141       0.964       0.939       0.973       0.573
                 all         141         141       0.956       0.958       0.982       0.582
                 all         141         141       0.961       0.944       0.981       0.587
                 all         141         141       0.959       0.944       0.975       0.587
                 all         141         141       0.964       0.936       0.967       0.577
                 all         141         141       0.955       0.951       0.968       0.573
                 all         141         141       0.964       0.956       0.977        0.57
                 all         141         141       0.966       0.956       0.977       0.568
                 all         141         141       0.958       0.949       0.968       0.573
                 all         141         141       0.962       0.956       0.977       0.569
                 all         141         141       0.963       0.956       0.978       0.566
                 all         141         141       0.963       0.956       0.978       0.581
                 all         141         141       0.957       0.963       0.978       0.574
                 all         141         141       0.958       0.963       0.977       0.576
                 all         141         141       0.958       0.962       0.976       0.582
                 all         141         141       0.969       0.948       0.978       0.576
                 all         141         141       0.969       0.946       0.978       0.573
                 all         141         141       0.969       0.949       0.976       0.575
                 all         141         141       0.967       0.949       0.978       0.577
                 all         141         141       0.942       0.956       0.968       0.579
                 all         141         141       0.941       0.957       0.969       0.579
                 all         141         141       0.942       0.957        0.97       0.579
                 all         141         141        0.94       0.957       0.969       0.578
                 all         141         141       0.941       0.957        0.97       0.581
                 all         141         141       0.944       0.955       0.969       0.588
                 all         141         141       0.963       0.935       0.965       0.579
                 all         141         141       0.961       0.936       0.966       0.586
                 all         141         141        0.97       0.929       0.967       0.594
                 all         141         141       0.969       0.929       0.965       0.576
                 all         141         141       0.971       0.935       0.965       0.586
                 all         141         141       0.972       0.934       0.967       0.588
                 all         141         141       0.964       0.935       0.966       0.578
                 all         141         141       0.971       0.941       0.974       0.586
                 all         141         141       0.969        0.94       0.972       0.586
                 all         141         141       0.968        0.94       0.974       0.582
                 all         141         141       0.957       0.935       0.965       0.586
                 all         141         141       0.962       0.935       0.966       0.583
                 all         141         141       0.963       0.935       0.969       0.581
                 all         141         141       0.979        0.92       0.974       0.587
                 all         141         141       0.969        0.94       0.981        0.59
                 all         141         141       0.969       0.941       0.983       0.582
                 all         141         141       0.968        0.94       0.981       0.578
                 all         141         141       0.951        0.96       0.984       0.593
                 all         141         141       0.951       0.961       0.984       0.592
                 all         141         141       0.951       0.961       0.983        0.59
                 all         141         141       0.987       0.925       0.982        0.59
                 all         141         141       0.986       0.927       0.982       0.585
                 all         141         141       0.951       0.962       0.983       0.573
                 all         141         141       0.951       0.962       0.983       0.585
                 all         141         141       0.987       0.928       0.983       0.589
                 all         141         141       0.951       0.963       0.983        0.59
                 all         141         141       0.986       0.929       0.981       0.593
                 all         141         141       0.987       0.928       0.979       0.594
                 all         141         141       0.967       0.941       0.974       0.597
                 all         141         141       0.958       0.962        0.98       0.598
                 all         141         141       0.958       0.963        0.98       0.588
                 all         141         141       0.958       0.963       0.978       0.591
                 all         141         141       0.958       0.962       0.979       0.593
                 all         141         141       0.986       0.927       0.974        0.59
                 all         141         141       0.986       0.927       0.975       0.594
                 all         141         141        0.97        0.94       0.972       0.591
                 all         141         141        0.97        0.94       0.972       0.591
                 all         141         141        0.97       0.941       0.972       0.587
                 all         141         141       0.969       0.942       0.972       0.586
                 all         141         141       0.969       0.941       0.972       0.585
                 all         141         141        0.97        0.94       0.972       0.589
                 all         141         141       0.986       0.928       0.973       0.581
                 all         141         141       0.986       0.928       0.973       0.586
                 all         141         141       0.979        0.92       0.965       0.588
                 all         141         141       0.988       0.922       0.969       0.582
                 all         141         141       0.981       0.912       0.961       0.596
                 all         141         141       0.981       0.911       0.962       0.587
                 all         141         141       0.958       0.929       0.962       0.582
                 all         141         141        0.98       0.913       0.964       0.582
                 all         141         141       0.958       0.948       0.969       0.589
                 all         141         141       0.977       0.918       0.963       0.585
                 all         141         141       0.977       0.918       0.961       0.591
                 all         141         141       0.954       0.956       0.973       0.589
                 all         141         141       0.954       0.956       0.975       0.589
                 all         141         141       0.954       0.956       0.974       0.594
                 all         141         141       0.953       0.957       0.975       0.586
                 all         141         141       0.939       0.947       0.963       0.582
                 all         141         141       0.939       0.947       0.963       0.586
                 all         141         141       0.946       0.954       0.971       0.585
                 all         141         141       0.987       0.917       0.973       0.581
                 all         141         141        0.97       0.939       0.975       0.588
                 all         141         141       0.998       0.908       0.969       0.578
                 all         141         141       0.949       0.951       0.973       0.575
                 all         141         141        0.96       0.951       0.973       0.584
                 all         141         141       0.965       0.956       0.975       0.586
                 all         141         141       0.961       0.951       0.973       0.582
                 all         141         141       0.967       0.955       0.974       0.583
                 all         141         141       0.976       0.956       0.979       0.588
                 all         141         141       0.967       0.951       0.975       0.585
                 all         141         141       0.967       0.955       0.976       0.583
                 all         141         141       0.974       0.961       0.983       0.583
                 all         141         141       0.965       0.955       0.976       0.587
                 all         141         141       0.974       0.961       0.985       0.591
                 all         141         141       0.967       0.955       0.971       0.588
                 all         141         141       0.973       0.962       0.985       0.587
                 all         141         141       0.965       0.955       0.976       0.581
                 all         141         141       0.963       0.955       0.971       0.578
                 all         141         141       0.967       0.963        0.98       0.592
                 all         141         141        0.97       0.958       0.985       0.593
                 all         141         141        0.97       0.962       0.984       0.594
                 all         141         141       0.972       0.962       0.984        0.59
                 all         141         141        0.97       0.962       0.984       0.591
                 all         141         141        0.97        0.96       0.985       0.587
                 all         141         141       0.969        0.96       0.985       0.586
                 all         141         141       0.963       0.967       0.985       0.587
                 all         141         141       0.973       0.957       0.985       0.589
                 all         141         141       0.973       0.958       0.985        0.59
                 all         141         141       0.976       0.954       0.985       0.586
                 all         141         141       0.969       0.966       0.985        0.59
                 all         141         141        0.97       0.966       0.985       0.588
                 all         141         141        0.97       0.965       0.984       0.592
                 all         141         141        0.97       0.964       0.984       0.589
                 all         141         141        0.97       0.963       0.985       0.591
                 all         141         141       0.975       0.962       0.985       0.589
                 all         141         141       0.974       0.962       0.985       0.585
                 all         141         141       0.973       0.962       0.986       0.591
                 all         141         141       0.972       0.963       0.985       0.585
                 all         141         141        0.97       0.963       0.986       0.587
                 all         141         141       0.963       0.963       0.986       0.587
                 all         141         141       0.964       0.956       0.982       0.585
                 all         141         141       0.965       0.955       0.982       0.585
                 all         141         141       0.966       0.962       0.985       0.578
                 all         141         141       0.966       0.962       0.985        0.58
                 all         141         141       0.966       0.962       0.985       0.589
                 all         141         141       0.969       0.958       0.982       0.585
                 all         141         141       0.969       0.965       0.985       0.588
                 all         141         141       0.966       0.962       0.985       0.588
                 all         141         141       0.958       0.976       0.985       0.591
                 all         141         141       0.969       0.964       0.985       0.594
                 all         141         141       0.962       0.958       0.976       0.584
                 all         141         141       0.969       0.965       0.985       0.593
                 all         141         141       0.969       0.965       0.985       0.589
                 all         141         141       0.969       0.965       0.985       0.591
                 all         141         141       0.957       0.977       0.986       0.584
                 all         141         141       0.957       0.977       0.985       0.592
                 all         141         141       0.968       0.966       0.986        0.59
                 all         141         141       0.951       0.977       0.985       0.582
                 all         141         141        0.95       0.979       0.984       0.586
                 all         141         141       0.948        0.98       0.985       0.584
                 all         141         141       0.999       0.925       0.979       0.587
                 all         141         141       0.998       0.925       0.977       0.589
                 all         141         141       0.999       0.925       0.978       0.585
                 all         141         141       0.999       0.925       0.977       0.586
                 all         141         141           1       0.925       0.977       0.584
                 all         141         141           1       0.926       0.977       0.586
                 all         141         141        0.98       0.953       0.984       0.588
                 all         141         141        0.98       0.953       0.984       0.585
                 all         141         141       0.962       0.975       0.985       0.587
                 all         141         141       0.977       0.969       0.985       0.589
                 all         141         141       0.969       0.963       0.979       0.581
                 all         141         141       0.969       0.963       0.979       0.576
                 all         141         141       0.962       0.974       0.985       0.579
                 all         141         141       0.998       0.926       0.979       0.581
                 all         141         141       0.996       0.927        0.98       0.579
                 all         141         141       0.996       0.928       0.979       0.581
                 all         141         141       0.996       0.928       0.979       0.584
                 all         141         141       0.995       0.928        0.98       0.589
                 all         141         141       0.997       0.928        0.98       0.588
                 all         141         141       0.956       0.967       0.986       0.587
                 all         141         141       0.956       0.968       0.987       0.591
                 all         141         141           1       0.927       0.987       0.592
                 all         141         141       0.998       0.928       0.986       0.589
                 all         141         141       0.998       0.928       0.986       0.586
                 all         141         141       0.999       0.927       0.986       0.588
                 all         141         141       0.954       0.969       0.987       0.582
                 all         141         141       0.956        0.97       0.986       0.587
                 all         141         141       0.955        0.97       0.986       0.592
                 all         141         141       0.955       0.969       0.986       0.584
                 all         141         141       0.962       0.977       0.991       0.586
                 all         141         141       0.962       0.978       0.991       0.586
                 all         141         141       0.957       0.977        0.99       0.585
                 all         141         141       0.958       0.976        0.99       0.586
                 all         141         141       0.958       0.975       0.991       0.588
                 all         141         141       0.959       0.973       0.991       0.588
                 all         141         141       0.998       0.925       0.986        0.59
                 all         141         141       0.999       0.925       0.985       0.592
                 all         141         141       0.998       0.926       0.986       0.591
                 all         141         141       0.957       0.975        0.99       0.587
                 all         141         141       0.964       0.975       0.985        0.59
                 all         141         141       0.963       0.975       0.991       0.591
                 all         141         141       0.957       0.975        0.99       0.587
                 all         141         141       0.956       0.975       0.991       0.589
                 all         141         141       0.962       0.974       0.991       0.588
                 all         141         141       0.998       0.926       0.986       0.587
                 all         141         141       0.996       0.926       0.981       0.583
                 all         141         141       0.995       0.926       0.984       0.587
                 all         141         141       0.996       0.926       0.985       0.592
                 all         141         141       0.958       0.972       0.991        0.59
                 all         141         141       0.997       0.927       0.986       0.589
                 all         141         141       0.958       0.974       0.991       0.594
                 all         141         141       0.946       0.987       0.991       0.591
                 all         141         141       0.947       0.987       0.991       0.583
                 all         141         141       0.946       0.988       0.991       0.588
                 all         141         141        0.95       0.971       0.986       0.581
                 all         141         141       0.953       0.962       0.985       0.577
                 all         141         141       0.972       0.943       0.985       0.585
                 all         141         141       0.952       0.963       0.985       0.587
                 all         141         141        0.96        0.97        0.99       0.582
                 all         141         141       0.989        0.93       0.985       0.587
                 all         141         141       0.959        0.97        0.99       0.591
                 all         141         141       0.958        0.97        0.99        0.59
                 all         141         141       0.958        0.97       0.991       0.591
                 all         141         141       0.958        0.97       0.991       0.592
                 all         141         141       0.958        0.97        0.99       0.586
                 all         141         141       0.958        0.97        0.99       0.584
                 all         141         141       0.952       0.963       0.985       0.588
                 all         141         141       0.948       0.958       0.982       0.592
                 all         141         141        0.95       0.957       0.981       0.587
                 all         141         141        0.94       0.972       0.981       0.585
                 all         141         141        0.94       0.973       0.981       0.583
                 all         141         141       0.951       0.957       0.981       0.581
                 all         141         141       0.939       0.975       0.982       0.595
                 all         141         141       0.949       0.958       0.976       0.593
                 all         141         141        0.95       0.957       0.977       0.586
                 all         141         141        0.95       0.957       0.976       0.587
                 all         141         141       0.951       0.957       0.977        0.59
                 all         141         141       0.951       0.957       0.977       0.591
                 all         141         141        0.95       0.957       0.976       0.587
                 all         141         141        0.95       0.957       0.976       0.587
                 all         141         141        0.95       0.957       0.976       0.587
                 all         141         141        0.95       0.957       0.976       0.589
                 all         141         141       0.949       0.957       0.976        0.59
                 all         141         141       0.949       0.957       0.976       0.587
                 all         141         141        0.95       0.957       0.975       0.597
                 all         141         141       0.951       0.957       0.975       0.594
                 all         141         141       0.951       0.956       0.975       0.589
                 all         141         141       0.952       0.956       0.981        0.59
                 all         141         141       0.952       0.956       0.975       0.586
                 all         141         141       0.952       0.957       0.975        0.59
                 all         141         141       0.952       0.956       0.974        0.59
                 all         141         141       0.953       0.964       0.974       0.582
                 all         141         141       0.987       0.931       0.978       0.583
                 all         141         141       0.987       0.931       0.979       0.584
                 all         141         141       0.987       0.931       0.985       0.584
                 all         141         141       0.988       0.931       0.985       0.586
                 all         141         141       0.952       0.957       0.981       0.587
                 all         141         141       0.952       0.957       0.982       0.587
                 all         141         141       0.965       0.957       0.982       0.589
                 all         141         141       0.965       0.957       0.982        0.59
                 all         141         141       0.965       0.957       0.976       0.589
                 all         141         141       0.954       0.957       0.975        0.59
                 all         141         141       0.954       0.958       0.974       0.587
                 all         141         141        0.94       0.973       0.981       0.591
                 all         141         141       0.993       0.929       0.986       0.592
                 all         141         141       0.993       0.929       0.979       0.592
                 all         141         141       0.953       0.957       0.975       0.593
                 all         141         141       0.952       0.957       0.975       0.591
                 all         141         141       0.951       0.957       0.975        0.59
                 all         141         141       0.952       0.957       0.976       0.591
                 all         141         141       0.953       0.957       0.975       0.593
                 all         141         141       0.953       0.957       0.976       0.592
                 all         141         141       0.941       0.973       0.982       0.591
                 all         141         141       0.998       0.928       0.986        0.59
                 all         141         141       0.998       0.929       0.986       0.593
                 all         141         141       0.997       0.929       0.986       0.589
                 all         141         141       0.996       0.929       0.986       0.591
                 all         141         141       0.964       0.956       0.982       0.592
                 all         141         141       0.939       0.974       0.982       0.596
                 all         141         141       0.952       0.957       0.975       0.594
                 all         141         141       0.965       0.962        0.98       0.594
                 all         141         141       0.965       0.963        0.98       0.589
                 all         141         141       0.965       0.956       0.976       0.586
                 all         141         141       0.965       0.963       0.979       0.586
                 all         141         141       0.965       0.963       0.979       0.585
                 all         141         141       0.966       0.963       0.979       0.587
                 all         141         141       0.966       0.963        0.98        0.59
                 all         141         141       0.966       0.962       0.981       0.588
                 all         141         141       0.967       0.963        0.98       0.593
                 all         141         141       0.967       0.963        0.98       0.594
                 all         141         141       0.967       0.962        0.98       0.594
                 all         141         141       0.966       0.962       0.987       0.595
                 all         141         141       0.966       0.962       0.987       0.595
                 all         141         141       0.973       0.962       0.987       0.592
                 all         141         141       0.967       0.961       0.987       0.595
                 all         141         141       0.967       0.961       0.987       0.597
                 all         141         141        0.99        0.93        0.98       0.595
                 all         141         141       0.989       0.931       0.986       0.596
                 all         141         141       0.967       0.961       0.987       0.595
                 all         141         141       0.967       0.962       0.987       0.596
                 all         141         141       0.967       0.962       0.987       0.593
                 all         141         141       0.967       0.961        0.98       0.589
                 all         141         141       0.967       0.961        0.98       0.591
                 all         141         141       0.967       0.961        0.98       0.593
                 all         141         141       0.967       0.961        0.98        0.59
                 all         141         141       0.967       0.961        0.98        0.59
                 all         141         141       0.967       0.961        0.98        0.59
                 all         141         141       0.967       0.961        0.98        0.59
                 all         141         141       0.967       0.961        0.98        0.59
                 all         141         141       0.967       0.961        0.98        0.59
                 all         141         141       0.967       0.961        0.98        0.59
                 all         141         141       0.967       0.961        0.98        0.59
                 all         141         141       0.967       0.961        0.98       0.591
                 all         141         141       0.967       0.961        0.98       0.588
                 all         141         141       0.967       0.961       0.987        0.59
                 all         141         141       0.967       0.961       0.987       0.591
                 all         141         141       0.967       0.961       0.987        0.59
                 all         141         141       0.967       0.961       0.987       0.589
                 all         141         141       0.967       0.961       0.987       0.593
                 all         141         141        0.94       0.981       0.986       0.593
                 all         141         141       0.946       0.981       0.987       0.593
                 all         141         141        0.94       0.981       0.986        0.59
                 all         141         141        0.94       0.981       0.986       0.589
                 all         141         141        0.94       0.981       0.986       0.591
                 all         141         141       0.968       0.961       0.987       0.593
                 all         141         141           1       0.924       0.986       0.592
                 all         141         141           1       0.924       0.986       0.591
                 all         141         141           1       0.924       0.986       0.593
                 all         141         141       0.968        0.96       0.979       0.592
                 all         141         141       0.968        0.96        0.98       0.589
                 all         141         141       0.967       0.965       0.986        0.59
                 all         141         141        0.97       0.963       0.986       0.588
                 all         141         141       0.969       0.964       0.986       0.591
                 all         141         141       0.969       0.964       0.987       0.591
                 all         141         141       0.969       0.964       0.987       0.594
                 all         141         141       0.969       0.965       0.987       0.594
                 all         141         141       0.969       0.964       0.987       0.589
                 all         141         141       0.969       0.965       0.987       0.593
                 all         141         141       0.969       0.964       0.987       0.596
                 all         141         141       0.969       0.965       0.987       0.594
                 all         141         141       0.969       0.965       0.987       0.594
                 all         141         141       0.967       0.962       0.987       0.592
                 all         141         141       0.966       0.963       0.987       0.594
                 all         141         141       0.966       0.963       0.986        0.59
                 all         141         141       0.966       0.963       0.987       0.591
                 all         141         141       0.966       0.963       0.986       0.593
                 all         141         141       0.966       0.962       0.986       0.593
                 all         141         141       0.966       0.962       0.987       0.592
                 all         141         141       0.966       0.961        0.98       0.589
                 all         141         141       0.967       0.962        0.98       0.592
                 all         141         141       0.967       0.962       0.987        0.59
                 all         141         141       0.967       0.961       0.986       0.592
                 all         141         141       0.968       0.962       0.986       0.592
                 all         141         141       0.967       0.962       0.986       0.594
                 all         141         141       0.969       0.964       0.986       0.594
                 all         141         141       0.969       0.964       0.986       0.592
                 all         141         141       0.969       0.964       0.987        0.59
                 all         141         141       0.969       0.964       0.987       0.591
                 all         141         141       0.969       0.963       0.987       0.592
                 all         141         141       0.969       0.963       0.987       0.593
                 all         141         141       0.969       0.963       0.987       0.594
                 all         141         141       0.969       0.963       0.987       0.593
                 all         141         141       0.968       0.961       0.987       0.594
                 all         141         141       0.969       0.962       0.987       0.592
                 all         141         141       0.969       0.962       0.986       0.594
                 all         141         141       0.968       0.962       0.986       0.594
                 all         141         141       0.967       0.963       0.986        0.59
                 all         141         141       0.975       0.969       0.992       0.591
                 all         141         141       0.975       0.969       0.992       0.592
                 all         141         141       0.975       0.969       0.992       0.593
                 all         141         141       0.974        0.97       0.992       0.594
                 all         141         141       0.974        0.97       0.992       0.591
                 all         141         141       0.975        0.97       0.992       0.595
                 all         141         141       0.975        0.97       0.992       0.596
                 all         141         141       0.975       0.971       0.992       0.594
                 all         141         141       0.953       0.986       0.992       0.592
                 all         141         141       0.975       0.971       0.992       0.593
                 all         141         141       0.975       0.972       0.992       0.593
                 all         141         141       0.976       0.972       0.992       0.594
                 all         141         141       0.976       0.971       0.992       0.591
                 all         141         141       0.976       0.971       0.992        0.59
                 all         141         141       0.969       0.965       0.987        0.59
                 all         141         141       0.968       0.965       0.987       0.593
                 all         141         141       0.968       0.965       0.986       0.595
                 all         141         141       0.946       0.982       0.987       0.593
                 all         141         141       0.968       0.965       0.987       0.594
                 all         141         141       0.969       0.965       0.986       0.591
                 all         141         141       0.968       0.965       0.986        0.59
                 all         141         141       0.953       0.987       0.992       0.592
                 all         141         141       0.953       0.987       0.992        0.59
                 all         141         141       0.954       0.987       0.992        0.59
                 all         141         141       0.969       0.965       0.987       0.587
                 all         141         141       0.969       0.965       0.987        0.59
                 all         141         141       0.975       0.971       0.992       0.591
                 all         141         141       0.954       0.987       0.992       0.591
                 all         141         141       0.969       0.964       0.987        0.59
                 all         141         141       0.969       0.964       0.987        0.59
                 all         141         141       0.969       0.963       0.986       0.592
                 all         141         141       0.969       0.965       0.986       0.591
                 all         141         141       0.969       0.965       0.986       0.589
                 all         141         141       0.969       0.965       0.986        0.59
                 all         141         141       0.969       0.965       0.987       0.592
                 all         141         141       0.969       0.966       0.987       0.591
                 all         141         141       0.966       0.963       0.986       0.593
                 all         141         141       0.966       0.963       0.986       0.593
                 all         141         141       0.966       0.963       0.986       0.592
                 all         141         141       0.967       0.963       0.986       0.591
                 all         141         141       0.967       0.964       0.986       0.592
                 all         141         141       0.967       0.963       0.986       0.593
                 all         141         141       0.967       0.963       0.986       0.594
                 all         141         141       0.969       0.965       0.987       0.593
                 all         141         141       0.968       0.963       0.987       0.595
                 all         141         141       0.968       0.963       0.986       0.596
                 all         141         141       0.968       0.963       0.987       0.597
                 all         141         141       0.967       0.963       0.987       0.596
                 all         141         141       0.967       0.963       0.986       0.593
                 all         141         141       0.967       0.963       0.986       0.592
                 all         141         141       0.966       0.963       0.986       0.592
                 all         141         141       0.966       0.963       0.986       0.596
                 all         141         141       0.966       0.964       0.986       0.594
                 all         141         141       0.966       0.964       0.986       0.595
                 all         141         141       0.966       0.964       0.986       0.595
                 all         141         141       0.966       0.963       0.987       0.595
                 all         141         141       0.968       0.966       0.986       0.595
                 all         141         141       0.968       0.965       0.986       0.596
                 all         141         141       0.968       0.966       0.987       0.596
                 all         141         141       0.969       0.965       0.987       0.594
                 all         141         141       0.967       0.963       0.987       0.593
                 all         141         141       0.967       0.963       0.986       0.593
                 all         141         141       0.969       0.965       0.987       0.597
                 all         141         141       0.966       0.963       0.986       0.594
                 all         141         141       0.966       0.963       0.986       0.596
                 all         141         141       0.966       0.963       0.987       0.594
                 all         141         141       0.966       0.963       0.987       0.593
                 all         141         141       0.966       0.964       0.987       0.595
                 all         141         141       0.968       0.966       0.987       0.595
                 all         141         141       0.968       0.965       0.987       0.594
                 all         141         141       0.969       0.965       0.987       0.594
                 all         141         141       0.968       0.965       0.987       0.592
                 all         141         141       0.968       0.965       0.987       0.592
                 all         141         141       0.973       0.957       0.987        0.59
                 all         141         141       0.968       0.965       0.987       0.591
                 all         141         141       0.968       0.965       0.987       0.593
                 all         141         141       0.968       0.965       0.987        0.59
                 all         141         141       0.968       0.965       0.987       0.589
                 all         141         141       0.969       0.965       0.987        0.59
                 all         141         141       0.967       0.963       0.987       0.591
                 all         141         141       0.969       0.965       0.987       0.588
                 all         141         141       0.969       0.964       0.987       0.591
                 all         141         141       0.969       0.964       0.987       0.595
                 all         141         141       0.947        0.98       0.986       0.592
                 all         141         141       0.947        0.98       0.986       0.591
                 all         141         141       0.947        0.98       0.986       0.591
                 all         141         141       0.968       0.965       0.987       0.593
                 all         141         141       0.968       0.965       0.987       0.592
                 all         141         141       0.968       0.966       0.987       0.592
                 all         141         141       0.968       0.965       0.987       0.592
                 all         141         141       0.969       0.964       0.987       0.591
                 all         141         141       0.969       0.964       0.987       0.591
                 all         141         141       0.969       0.964       0.987       0.592
                 all         141         141       0.969       0.964       0.987       0.593
                 all         141         141       0.968       0.965       0.987        0.59
                 all         141         141       0.969       0.965       0.987       0.592
                 all         141         141       0.969       0.965       0.987       0.591
                 all         141         141       0.969       0.965       0.987       0.591
                 all         141         141       0.969       0.965       0.987        0.59
                 all         141         141       0.968       0.966       0.987       0.591
                 all         141         141       0.968       0.966       0.987       0.591
                 all         141         141       0.969       0.965       0.986       0.591
                 all         141         141       0.969       0.965       0.986       0.591
                 all         141         141       0.969       0.965       0.986       0.592
                 all         141         141       0.969       0.965       0.987       0.592
                 all         141         141       0.969       0.965       0.987       0.593
                 all         141         141       0.969       0.964       0.986       0.593
                 all         141         141       0.969       0.964       0.987       0.594
                 all         141         141       0.969       0.965       0.986       0.595
                 all         141         141       0.969       0.964       0.986       0.594
                 all         141         141       0.969       0.964       0.986       0.595
                 all         141         141       0.969       0.963       0.986       0.592
                 all         141         141       0.969       0.964       0.986       0.593
                 all         141         141       0.968       0.964       0.986       0.593
                 all         141         141       0.968       0.964       0.986       0.592
                 all         141         141       0.968       0.965       0.986       0.592
                 all         141         141       0.969       0.965       0.986       0.592
                 all         141         141       0.969       0.965       0.986       0.594
                 all         141         141       0.969       0.965       0.986       0.596
                 all         141         141       0.969       0.965       0.986       0.595
                 all         141         141       0.969       0.965       0.986       0.596
                 all         141         141       0.969       0.965       0.987       0.595
                 all         141         141       0.969       0.965       0.987       0.593
                 all         141         141       0.969       0.965       0.987       0.595
                 all         141         141       0.968       0.965       0.987       0.595
                 all         141         141       0.969       0.965       0.987       0.595
                 all         141         141       0.969       0.965       0.987       0.594
                 all         141         141       0.969       0.965       0.987       0.594
                 all         141         141       0.969       0.965       0.986       0.593
                 all         141         141       0.969       0.965       0.986       0.592
                 all         141         141       0.968       0.965       0.986       0.591
                 all         141         141       0.968       0.965       0.986       0.594
                 all         141         141       0.968       0.965       0.986       0.593
                 all         141         141       0.968       0.965       0.986       0.594
                 all         141         141       0.968       0.965       0.986       0.593
                 all         141         141       0.969       0.965       0.986       0.595
                 all         141         141       0.969       0.965       0.986       0.594
                 all         141         141       0.968       0.965       0.987       0.595
                 all         141         141       0.969       0.965       0.987       0.596
                 all         141         141       0.969       0.965       0.987       0.594
                 all         141         141       0.968       0.965       0.986       0.592
                 all         141         141       0.968       0.966       0.987       0.595
                 all         141         141       0.968       0.966       0.986       0.593
                 all         141         141       0.968       0.966       0.987       0.593
                 all         141         141       0.968       0.965       0.986       0.594
                 all         141         141       0.968       0.965       0.986       0.594
                 all         141         141       0.968       0.965       0.987       0.595
                 all         141         141       0.968       0.966       0.987       0.594
                 all         141         141       0.968       0.966       0.987       0.594
                 all         141         141       0.968       0.966       0.987       0.595
                 all         141         141       0.969       0.965       0.986       0.594
                 all         141         141       0.969       0.965       0.987       0.594
                 all         141         141       0.969       0.965       0.987       0.593
                 all         141         141       0.969       0.965       0.987       0.593
                 all         141         141       0.969       0.965       0.987       0.595
                 all         141         141       0.969       0.965       0.986       0.594
                 all         141         141       0.969       0.965       0.986       0.593
                 all         141         141       0.969       0.965       0.987       0.594
                 all         141         141       0.969       0.965       0.987       0.594
                 all         141         141       0.969       0.965       0.986       0.595
                 all         141         141       0.968       0.965       0.987       0.595
                 all         141         141       0.968       0.965       0.987       0.595
                 all         141         141       0.968       0.965       0.987       0.593
                 all         141         141       0.968       0.965       0.987       0.593
                 all         141         141       0.968       0.965       0.986       0.594
                 all         141         141       0.968       0.965       0.986       0.593
                 all         141         141       0.969       0.965       0.986       0.593
                 all         141         141       0.968       0.965       0.986       0.593
                 all         141         141       0.968       0.965       0.986       0.592
                 all         141         141       0.968       0.965       0.986       0.593
                 all         141         141       0.969       0.964       0.986       0.593
                 all         141         141       0.969       0.963       0.986       0.593
                 all         141         141       0.969       0.963       0.986       0.593
                 all         141         141       0.969       0.963       0.986       0.592
                 all         141         141       0.969       0.963       0.986       0.592
                 all         141         141       0.969       0.963       0.986       0.591
                 all         141         141       0.969       0.964       0.986       0.591
                 all         141         141       0.969       0.964       0.986       0.592
                 all         141         141       0.969       0.964       0.986        0.59
                 all         141         141       0.969       0.965       0.986       0.591
                 all         141         141       0.969       0.964       0.986       0.592
                 all         141         141       0.969       0.964       0.986       0.592
                 all         141         141       0.969       0.964       0.986       0.592
                 all         141         141       0.969       0.964       0.986       0.592
                 all         141         141       0.969       0.964       0.986       0.591
                 all         141         141       0.969       0.964       0.986       0.591
                 all         141         141       0.969       0.964       0.986       0.592
                 all         141         141       0.969       0.964       0.986       0.592
                 all         141         141       0.969       0.965       0.987       0.591
                 all         141         141       0.969       0.965       0.986       0.593
                 all         141         141       0.969       0.965       0.986       0.594
                 all         141         141       0.969       0.965       0.986       0.594
                 all         141         141       0.969       0.965       0.986       0.594
                 all         141         141       0.969       0.965       0.986       0.594
                 all         141         141       0.969       0.965       0.986       0.593
                 all         141         141       0.969       0.965       0.986       0.594
                 all         141         141       0.969       0.965       0.986       0.591
                 all         141         141       0.969       0.965       0.986       0.594
                 all         141         141       0.969       0.965       0.986       0.593
                 all         141         141       0.968       0.965       0.986       0.593
                 all         141         141       0.968       0.965       0.986       0.595
                 all         141         141       0.968       0.964       0.986       0.595
                 all         141         141       0.968       0.964       0.986       0.594
                 all         141         141       0.968       0.964       0.986       0.594
                 all         141         141       0.969       0.965       0.986       0.595
                 all         141         141       0.969       0.965       0.986       0.594
                 all         141         141       0.969       0.965       0.986       0.593
                 all         141         141       0.969       0.965       0.986       0.594
                 all         141         141       0.968       0.965       0.986       0.594
                 all         141         141       0.968       0.965       0.986       0.595
                 all         141         141       0.968       0.966       0.987       0.593
                 all         141         141       0.969       0.965       0.986       0.594
                 all         141         141       0.969       0.965       0.986       0.594
                 all         141         141       0.969       0.965       0.986       0.593
                 all         141         141       0.969       0.965       0.986       0.595
                 all         141         141       0.969       0.965       0.986       0.594
                 all         141         141       0.969       0.964       0.986       0.593
                 all         141         141       0.969       0.965       0.986       0.593
                 all         141         141       0.969       0.965       0.986       0.592
                 all         141         141       0.969       0.965       0.986       0.593
                 all         141         141       0.969       0.965       0.986       0.592
                 all         141         141       0.969       0.965       0.986       0.593
                 all         141         141       0.969       0.965       0.986       0.592
                 all         141         141       0.969       0.965       0.986       0.593
                 all         141         141       0.969       0.965       0.987       0.594
                 all         141         141       0.969       0.965       0.987       0.594
                 all         141         141       0.969       0.965       0.986       0.593
                 all         141         141       0.969       0.965       0.986       0.591
                 all         141         141       0.969       0.965       0.986       0.594
                 all         141         141       0.969       0.965       0.987       0.593
                 all         141         141       0.968       0.965       0.986       0.593
                 all         141         141       0.968       0.964       0.986       0.593
                 all         141         141       0.968       0.964       0.986       0.593
                 all         141         141       0.968       0.964       0.986       0.593
                 all         141         141       0.968       0.965       0.987       0.593
                 all         141         141       0.968       0.964       0.986       0.591
                 all         141         141       0.969       0.964       0.987       0.593
                 all         141         141       0.968       0.964       0.987       0.593
                 all         141         141       0.969       0.964       0.987       0.593
                pond         141          37       0.945       0.922       0.968       0.351
            maingate         141          22       0.954       0.953        0.99        0.72
             3pagoda         141          52       0.975       0.981       0.994       0.662
           northgate         141          30           1           1       0.996        0.64
Optimizer stripped from runs/train/tour_tiny2/weights/last.pt, 12.3MB
Optimizer stripped from runs/train/tour_tiny2/weights/best.pt, 12.3MB
